xof 0303txt 0032
template Frame {
 <3d82ab46-62da-11cf-ab39-0020af71e433>
 [...]
}

template Matrix4x4 {
 <f6f23f45-7686-11cf-8f52-0040333594a3>
 array FLOAT matrix[16];
}

template FrameTransformMatrix {
 <f6f23f41-7686-11cf-8f52-0040333594a3>
 Matrix4x4 frameMatrix;
}

template ObjectMatrixComment {
 <95a48e28-7ef4-4419-a16a-ba9dbdf0d2bc>
 Matrix4x4 objectMatrix;
}

template Vector {
 <3d82ab5e-62da-11cf-ab39-0020af71e433>
 FLOAT x;
 FLOAT y;
 FLOAT z;
}

template MeshFace {
 <3d82ab5f-62da-11cf-ab39-0020af71e433>
 DWORD nFaceVertexIndices;
 array DWORD faceVertexIndices[nFaceVertexIndices];
}

template Mesh {
 <3d82ab44-62da-11cf-ab39-0020af71e433>
 DWORD nVertices;
 array Vector vertices[nVertices];
 DWORD nFaces;
 array MeshFace faces[nFaces];
 [...]
}

template MeshNormals {
 <f6f23f43-7686-11cf-8f52-0040333594a3>
 DWORD nNormals;
 array Vector normals[nNormals];
 DWORD nFaceNormals;
 array MeshFace faceNormals[nFaceNormals];
}

template Coords2d {
 <f6f23f44-7686-11cf-8f52-0040333594a3>
 FLOAT u;
 FLOAT v;
}

template MeshTextureCoords {
 <f6f23f40-7686-11cf-8f52-0040333594a3>
 DWORD nTextureCoords;
 array Coords2d textureCoords[nTextureCoords];
}

template XSkinMeshHeader {
 <3cf169ce-ff7c-44ab-93c0-f78f62d172e2>
 WORD nMaxSkinWeightsPerVertex;
 WORD nMaxSkinWeightsPerFace;
 WORD nBones;
}

template SkinWeights {
 <6f0d123b-bad2-4167-a0d0-80224f25fabb>
 STRING transformNodeName;
 DWORD nWeights;
 array DWORD vertexIndices[nWeights];
 array FLOAT weights[nWeights];
 Matrix4x4 matrixOffset;
}

template AnimTicksPerSecond {
 <9e415a43-7ba6-4a73-8743-b73d47e88476>
 DWORD AnimTicksPerSecond;
}

template Animation {
 <3d82ab4f-62da-11cf-ab39-0020af71e433>
 [...]
}

template AnimationSet {
 <3d82ab50-62da-11cf-ab39-0020af71e433>
 [Animation <3d82ab4f-62da-11cf-ab39-0020af71e433>]
}

template FloatKeys {
 <10dd46a9-775b-11cf-8f52-0040333594a3>
 DWORD nValues;
 array FLOAT values[nValues];
}

template TimedFloatKeys {
 <f406b180-7b3b-11cf-8f52-0040333594a3>
 DWORD time;
 FloatKeys tfkeys;
}

template AnimationKey {
 <10dd46a8-775b-11cf-8f52-0040333594a3>
 DWORD keyType;
 DWORD nKeys;
 array TimedFloatKeys keys[nKeys];
}


Frame Character1_Reference {
 

 FrameTransformMatrix relative {
  0.393701,0.000000,0.000000,0.000000,0.000000,-0.000000,0.393701,0.000000,0.000000,-0.393701,-0.000000,0.000000,0.000000,0.000000,0.000000,1.000000;;
 }

 ObjectMatrixComment object {
  1.000000,0.000000,0.000000,0.000000,0.000000,1.000000,0.000000,0.000000,0.000000,0.000000,1.000000,0.000000,0.000000,0.000000,0.000000,1.000000;;
 }

 Frame Character1_Hips {
  

  FrameTransformMatrix relative {
   0.003552,0.000000,-0.999993,0.000000,0.999993,-0.000000,0.003552,0.000000,-0.000000,-0.999999,-0.000000,0.000000,0.000000,0.059134,-4.342910,1.000000;;
  }

  ObjectMatrixComment object {
   1.000000,-0.000000,0.000000,0.000000,-0.000000,1.000000,-0.000000,0.000000,0.000000,-0.000000,1.000000,0.000000,0.000000,0.000000,0.000000,1.000000;;
  }

  Frame Character1_LeftUpLeg {
   

   FrameTransformMatrix relative {
    -0.999184,-0.033655,0.022348,0.000000,0.033645,-0.999434,-0.000847,0.000000,0.022363,-0.000094,0.999750,0.000000,-0.301595,0.364915,-0.010394,1.000000;;
   }

   ObjectMatrixComment object {
    1.000000,0.000000,0.000000,0.000000,0.000000,1.000000,0.000000,0.000000,0.000000,-0.000000,1.000000,0.000000,0.000000,-0.000000,0.000000,1.000000;;
   }

   Frame Character1_LeftLeg {
    

    FrameTransformMatrix relative {
     0.999459,0.000003,0.032891,0.000000,-0.000002,1.000000,-0.000005,0.000000,-0.032891,0.000005,0.999459,0.000000,1.758990,0.025731,0.040055,1.000000;;
    }

    ObjectMatrixComment object {
     1.000000,0.000000,-0.000000,0.000000,0.000000,1.000000,0.000000,0.000000,-0.000000,-0.000000,1.000000,0.000000,0.000000,-0.000000,0.000000,1.000000;;
    }

    Frame Character1_LeftFoot {
     

     FrameTransformMatrix relative {
      0.860310,0.000007,-0.509771,0.000000,-0.000003,1.000000,0.000009,0.000000,0.509771,-0.000006,0.860309,0.000000,1.893331,-0.018885,-0.019141,1.000000;;
     }

     ObjectMatrixComment object {
      1.000000,-0.000000,0.000000,0.000000,0.000000,1.000000,-0.000000,0.000000,-0.000000,0.000000,1.000000,0.000000,-0.000000,0.000000,-0.000000,1.000000;;
     }

     Frame Character1_LeftToeBase {
      

      FrameTransformMatrix relative {
       0.461453,-0.000107,-0.887166,0.000000,-0.049298,0.998452,-0.025763,0.000000,0.885794,0.055624,0.460733,0.000000,0.421478,-0.019608,-0.238552,1.000000;;
      }

      ObjectMatrixComment object {
       1.000000,-0.000000,0.000000,0.000000,-0.000000,1.000000,0.000000,0.000000,-0.000000,-0.000000,1.000000,0.000000,0.000000,0.000000,0.000000,1.000000;;
      }
     }
    }
   }
  }

  Frame Character1_RightUpLeg {
   

   FrameTransformMatrix relative {
    -0.999743,0.003546,0.022391,0.000000,-0.003547,-0.999994,0.000015,0.000000,0.022391,-0.000065,0.999749,0.000000,-0.304179,-0.362763,-0.010394,1.000000;;
   }

   ObjectMatrixComment object {
    1.000000,-0.000000,0.000000,0.000000,-0.000000,1.000000,0.000000,0.000000,-0.000000,0.000000,1.000000,0.000000,-0.000000,-0.000000,0.000000,1.000000;;
   }

   Frame Character1_RightLeg {
    

    FrameTransformMatrix relative {
     0.999459,-0.000003,0.032899,0.000000,0.000003,1.000000,-0.000015,0.000000,-0.032899,0.000015,0.999459,0.000000,1.756818,-0.091169,0.040056,1.000000;;
    }

    ObjectMatrixComment object {
     1.000000,-0.000000,0.000000,0.000000,-0.000000,1.000000,-0.000000,0.000000,-0.000000,-0.000000,1.000000,0.000000,0.000000,0.000000,0.000000,1.000000;;
    }

    Frame Character1_RightFoot {
     

     FrameTransformMatrix relative {
      0.860310,-0.000004,-0.509772,0.000000,0.000005,1.000000,-0.000000,0.000000,0.509771,-0.000002,0.860310,0.000000,1.892727,-0.051573,-0.019122,1.000000;;
     }

     ObjectMatrixComment object {
      1.000000,-0.000000,0.000000,0.000000,0.000000,1.000000,0.000000,0.000000,0.000000,-0.000000,1.000000,0.000000,-0.000000,0.000000,0.000000,1.000000;;
     }

     Frame Character1_RightToeBase {
      

      FrameTransformMatrix relative {
       0.461444,-0.000119,-0.887169,0.000000,0.000053,1.000000,-0.000107,0.000000,0.887169,0.000003,0.461444,0.000000,0.421962,0.010128,-0.238302,1.000000;;
      }

      ObjectMatrixComment object {
       1.000000,-0.000000,0.000000,0.000000,-0.000000,1.000000,0.000000,0.000000,-0.000000,-0.000000,1.000000,0.000000,-0.000000,0.000000,-0.000000,1.000000;;
      }
     }
    }
   }
  }

  Frame Character1_Spine {
   

   FrameTransformMatrix relative {
    0.996336,-0.003539,-0.085455,0.000000,0.003552,0.999994,-0.000000,0.000000,0.085454,-0.000304,0.996342,0.000000,0.113567,-0.000403,-0.040907,1.000000;;
   }

   ObjectMatrixComment object {
    1.000000,-0.000000,-0.000000,0.000000,0.000000,1.000000,0.000000,0.000000,0.000000,-0.000000,1.000000,0.000000,0.000000,0.000000,0.000000,1.000000;;
   }

   Frame Character1_Spine1 {
    

    FrameTransformMatrix relative {
     0.995165,-0.000000,0.098224,0.000000,0.000000,1.000000,0.000000,0.000000,-0.098224,0.000000,0.995165,0.000000,0.456718,-0.000000,-0.008776,1.000000;;
    }

    ObjectMatrixComment object {
     1.000000,0.000000,0.000000,0.000000,0.000000,1.000000,0.000000,0.000000,-0.000000,0.000000,1.000000,0.000000,0.000000,0.000000,-0.000000,1.000000;;
    }

    Frame Character1_Spine2 {
     

     FrameTransformMatrix relative {
      0.954485,-0.001045,0.298259,0.000000,0.005407,0.999891,-0.013799,0.000000,-0.298212,0.014784,0.954386,0.000000,0.438334,-0.000000,0.001522,1.000000;;
     }

     ObjectMatrixComment object {
      1.000000,0.000000,-0.000000,0.000000,0.000000,1.000000,0.000000,0.000000,-0.000000,0.000000,1.000000,0.000000,0.000000,0.000000,-0.000000,1.000000;;
     }

     Frame Character1_LeftShoulder {
      

      FrameTransformMatrix relative {
       -0.001024,0.999891,0.014777,0.000000,-0.950582,-0.005562,0.310427,0.000000,0.310475,-0.013729,0.950484,0.000000,0.611833,0.211134,0.006975,1.000000;;
      }

      ObjectMatrixComment object {
       1.000000,-0.000000,0.000000,0.000000,0.000000,1.000000,0.000000,0.000000,-0.000000,0.000000,1.000000,0.000000,0.000000,-0.000000,0.000000,1.000000;;
      }

      Frame Character1_LeftArm {
       

       FrameTransformMatrix relative {
        0.999985,0.005254,-0.001354,0.000000,-0.005254,0.999986,0.000015,0.000000,0.001354,-0.000008,0.999999,0.000000,0.277184,0.000004,0.000000,1.000000;;
       }

       ObjectMatrixComment object {
        1.000000,0.000000,0.000000,0.000000,-0.000000,1.000000,0.000000,0.000000,0.000000,-0.000000,1.000000,0.000000,0.000000,0.000000,0.000000,1.000000;;
       }

       Frame Character1_LeftForeArm {
        

        FrameTransformMatrix relative {
         0.999998,0.002082,-0.000855,0.000000,-0.002082,0.999998,-0.000247,0.000000,0.000855,0.000249,1.000000,0.000000,1.168886,0.000059,-0.000086,1.000000;;
        }

        ObjectMatrixComment object {
         1.000000,0.000000,0.000000,0.000000,0.000000,1.000000,0.000000,0.000000,0.000000,0.000000,1.000000,0.000000,0.000000,-0.000000,-0.000000,1.000000;;
        }

        Frame Character1_LeftHand {
         

         FrameTransformMatrix relative {
          0.999042,-0.043758,0.002055,0.000000,0.043170,0.975459,-0.215914,0.000000,0.007443,0.215795,0.976412,0.000000,0.812410,0.000000,0.000003,1.000000;;
         }

         ObjectMatrixComment object {
          1.000000,-0.000000,0.000000,0.000000,-0.000000,1.000000,-0.000000,0.000000,-0.000000,-0.000000,1.000000,0.000000,0.000000,0.000000,0.000000,1.000000;;
         }

         Frame Character1_LeftHandThumb1 {
          

          FrameTransformMatrix relative {
           0.766056,0.443299,-0.465453,0.000000,0.624879,-0.343921,0.700892,0.000000,0.150625,-0.827772,-0.540470,0.000000,0.123803,0.071180,-0.091331,1.000000;;
          }

          ObjectMatrixComment object {
           1.000000,0.000000,0.000000,0.000000,0.000000,1.000000,0.000000,0.000000,0.000000,0.000000,1.000000,0.000000,-0.000000,0.000000,0.000000,1.000000;;
          }

          Frame Character1_LeftHandThumb2 {
           

           FrameTransformMatrix relative {
            0.991506,0.059295,-0.115760,0.000000,-0.059735,0.998214,-0.000330,0.000000,0.115533,0.007242,0.993277,0.000000,0.160727,0.007615,-0.009930,1.000000;;
           }

           ObjectMatrixComment object {
            1.000000,0.000000,0.000000,0.000000,0.000000,1.000000,-0.000000,0.000000,0.000000,0.000000,1.000000,0.000000,-0.000000,0.000000,-0.000000,1.000000;;
           }

           Frame Character1_LeftHandThumb3 {
            

            FrameTransformMatrix relative {
             0.996804,0.029567,0.074258,0.000000,-0.029638,0.999563,-0.000144,0.000000,-0.074230,-0.002058,0.997241,0.000000,0.087830,0.000424,0.005016,1.000000;;
            }

            ObjectMatrixComment object {
             1.000000,-0.000000,0.000000,0.000000,0.000000,1.000000,0.000000,0.000000,0.000000,-0.000000,1.000000,0.000000,-0.000000,0.000000,-0.000000,1.000000;;
            }

            Frame Character1_LeftHandThumb4 {
             

             FrameTransformMatrix relative {
              0.998411,-0.019931,0.052808,0.000000,0.022606,0.998469,-0.050557,0.000000,-0.051719,0.051670,0.997327,0.000000,0.131521,-0.002854,0.005719,1.000000;;
             }

             ObjectMatrixComment object {
              1.000000,-0.000000,0.000000,0.000000,0.000000,1.000000,0.000000,0.000000,0.000000,-0.000000,1.000000,0.000000,0.000000,0.000000,0.000000,1.000000;;
             }
            }
           }
          }
         }

         Frame Character1_LeftHandIndex1 {
          

          FrameTransformMatrix relative {
           0.996665,0.080983,0.010189,0.000000,-0.081334,0.974917,0.207182,0.000000,0.006845,-0.207320,0.978251,0.000000,0.403746,-0.007141,-0.128566,1.000000;;
          }

          ObjectMatrixComment object {
           1.000000,0.000000,0.000000,0.000000,0.000000,1.000000,0.000000,0.000000,0.000000,-0.000000,1.000000,0.000000,0.000000,0.000000,0.000000,1.000000;;
          }

          Frame Character1_LeftHandIndex2 {
           

           FrameTransformMatrix relative {
            0.999739,-0.021212,-0.008437,0.000000,0.021250,0.999764,0.004466,0.000000,0.008340,-0.004644,0.999954,0.000000,0.121302,-0.005932,-0.012535,1.000000;;
           }

           ObjectMatrixComment object {
            1.000000,0.000000,0.000000,0.000000,0.000000,1.000000,-0.000000,0.000000,-0.000000,0.000000,1.000000,0.000000,-0.000000,0.000000,0.000000,1.000000;;
           }

           Frame Character1_LeftHandIndex3 {
            

            FrameTransformMatrix relative {
             0.992315,-0.123445,0.008861,0.000000,0.123394,0.992341,0.006058,0.000000,-0.009541,-0.004918,0.999945,0.000000,0.080483,-0.002292,-0.000591,1.000000;;
            }

            ObjectMatrixComment object {
             1.000000,0.000000,-0.000000,0.000000,-0.000000,1.000000,-0.000000,0.000000,0.000000,0.000000,1.000000,0.000000,-0.000000,0.000000,0.000000,1.000000;;
            }

            Frame Character1_LeftHandIndex4 {
             

             FrameTransformMatrix relative {
              0.997700,0.000566,0.067842,0.000000,0.067835,-0.024611,-0.997395,0.000000,0.001105,0.999699,-0.024593,0.000000,0.106249,0.008184,-0.005035,1.000000;;
             }

             ObjectMatrixComment object {
              1.000000,0.000000,0.000000,0.000000,0.000000,1.000000,0.000000,0.000000,0.000000,-0.000000,1.000000,0.000000,0.000000,0.000000,0.000000,1.000000;;
             }
            }
           }
          }
         }

         Frame Character1_LeftHandMiddle1 {
          

          FrameTransformMatrix relative {
           0.994226,-0.036801,0.100814,0.000000,0.025058,0.993008,0.115367,0.000000,-0.104355,-0.112174,0.988196,0.000000,0.403480,-0.030105,-0.029108,1.000000;;
          }

          ObjectMatrixComment object {
           1.000000,0.000000,0.000000,0.000000,-0.000000,1.000000,0.000000,0.000000,0.000000,0.000000,1.000000,0.000000,-0.000000,0.000000,0.000000,1.000000;;
          }

          Frame Character1_LeftHandMiddle2 {
           

           FrameTransformMatrix relative {
            0.989904,0.137897,-0.032776,0.000000,-0.139790,0.988046,-0.064985,0.000000,0.023423,0.068910,0.997348,0.000000,0.125315,0.018968,-0.007410,1.000000;;
           }

           ObjectMatrixComment object {
            1.000000,-0.000000,0.000000,0.000000,-0.000000,1.000000,0.000000,0.000000,0.000000,0.000000,1.000000,0.000000,0.000000,-0.000000,0.000000,1.000000;;
           }

           Frame Character1_LeftHandMiddle3 {
            

            FrameTransformMatrix relative {
             0.993591,-0.106513,0.037835,0.000000,0.108133,0.993176,-0.043698,0.000000,-0.032922,0.047509,0.998328,0.000000,0.097156,0.000808,0.000339,1.000000;;
            }

            ObjectMatrixComment object {
             1.000000,-0.000000,0.000000,0.000000,0.000000,1.000000,-0.000000,0.000000,0.000000,-0.000000,1.000000,0.000000,0.000000,0.000000,0.000000,1.000000;;
            }

            Frame Character1_LeftHandMiddle4 {
             

             FrameTransformMatrix relative {
              0.997608,0.057236,-0.038834,0.000000,-0.038952,0.000957,-0.999242,0.000000,-0.057155,0.998362,0.003184,0.000000,0.110068,0.000587,-0.004555,1.000000;;
             }

             ObjectMatrixComment object {
              1.000000,0.000000,0.000000,0.000000,-0.000000,1.000000,0.000000,0.000000,0.000000,0.000000,1.000000,0.000000,0.000000,-0.000000,0.000000,1.000000;;
             }
            }
           }
          }
         }

         Frame Character1_LeftHandRing1 {
          

          FrameTransformMatrix relative {
           0.955245,0.186405,0.229705,0.000000,-0.148156,0.973552,-0.173921,0.000000,-0.256049,0.132105,0.957596,0.000000,0.383963,-0.031230,0.063131,1.000000;;
          }

          ObjectMatrixComment object {
           1.000000,0.000000,0.000000,0.000000,-0.000000,1.000000,0.000000,0.000000,0.000000,0.000000,1.000000,0.000000,0.000000,0.000000,0.000000,1.000000;;
          }

          Frame Character1_LeftHandRing2 {
           

           FrameTransformMatrix relative {
            0.993300,0.115245,0.008471,0.000000,-0.115514,0.992240,0.045994,0.000000,-0.003104,-0.046664,0.998905,0.000000,0.118413,0.005492,0.003770,1.000000;;
           }

           ObjectMatrixComment object {
            1.000000,-0.000000,0.000000,0.000000,-0.000000,1.000000,0.000000,0.000000,-0.000000,0.000000,1.000000,0.000000,0.000000,0.000000,0.000000,1.000000;;
           }

           Frame Character1_LeftHandRing3 {
            

            FrameTransformMatrix relative {
             0.997669,-0.068228,-0.002901,0.000000,0.067956,0.996096,-0.056374,0.000000,0.006736,0.056045,0.998408,0.000000,0.079537,-0.004303,-0.000833,1.000000;;
            }

            ObjectMatrixComment object {
             1.000000,0.000000,0.000000,0.000000,0.000000,1.000000,0.000000,0.000000,0.000000,0.000000,1.000000,0.000000,-0.000000,-0.000000,0.000000,1.000000;;
            }

            Frame Character1_LeftHandRing4 {
             

             FrameTransformMatrix relative {
              0.999416,-0.033885,-0.005353,0.000000,0.033920,0.999405,0.006573,0.000000,0.005127,-0.006751,0.999967,0.000000,0.126133,-0.011922,0.000578,1.000000;;
             }

             ObjectMatrixComment object {
              1.000000,0.000000,0.000000,0.000000,0.000000,1.000000,-0.000000,0.000000,0.000000,0.000000,1.000000,0.000000,-0.000000,-0.000001,0.000000,1.000000;;
             }
            }
           }
          }
         }

         Frame Character1_LeftHandPinky1 {
          

          FrameTransformMatrix relative {
           0.885550,0.297757,0.356575,0.000000,-0.208288,0.940591,-0.268156,0.000000,-0.415236,0.163195,0.894958,0.000000,0.328764,-0.011418,0.139178,1.000000;;
          }

          ObjectMatrixComment object {
           1.000000,0.000000,-0.000000,0.000000,-0.000000,1.000000,0.000000,0.000000,0.000000,0.000000,1.000000,0.000000,0.000000,-0.000000,0.000000,1.000000;;
          }

          Frame Character1_LeftHandPinky2 {
           

           FrameTransformMatrix relative {
            0.998398,-0.034535,0.044877,0.000000,0.032808,0.998716,0.038655,0.000000,-0.046155,-0.037121,0.998247,0.000000,0.090484,-0.000072,-0.000664,1.000000;;
           }

           ObjectMatrixComment object {
            1.000000,0.000000,-0.000000,0.000000,-0.000000,1.000000,-0.000000,0.000000,-0.000000,0.000000,1.000000,0.000000,0.000000,0.000000,0.000000,1.000000;;
           }

           Frame Character1_LeftHandPinky3 {
            

            FrameTransformMatrix relative {
             0.999736,-0.023017,-0.002326,0.000000,0.022966,0.999536,-0.020120,0.000000,0.002788,0.020062,0.999798,0.000000,0.069554,0.001239,-0.000014,1.000000;;
            }

            ObjectMatrixComment object {
             1.000000,0.000000,0.000000,0.000000,0.000000,1.000000,0.000000,0.000000,0.000000,-0.000000,1.000000,0.000000,0.000000,0.000000,-0.000000,1.000000;;
            }

            Frame Character1_LeftHandPinky4 {
             

             FrameTransformMatrix relative {
              0.999957,-0.007384,0.006469,0.000000,0.007968,0.995398,-0.095538,0.000000,-0.005734,0.095585,0.995409,0.000000,0.096047,-0.000117,0.001496,1.000000;;
             }

             ObjectMatrixComment object {
              1.000000,0.000000,0.000000,0.000000,-0.000000,1.000000,0.000000,0.000000,0.000000,0.000000,1.000000,0.000000,-0.000000,0.000000,0.000000,1.000000;;
             }
            }
           }
          }
         }
        }

        Frame J_L_Sode_D00 {
         

         FrameTransformMatrix relative {
          0.975225,0.189388,0.114323,0.000000,-0.155534,0.219507,0.963134,0.000000,0.157311,-0.957053,0.243524,0.000000,0.219776,0.194940,-0.013594,1.000000;;
         }

         ObjectMatrixComment object {
          1.000000,-0.000000,-0.000000,0.000000,0.000000,1.000000,-0.000000,0.000000,0.000000,-0.000000,1.000000,0.000000,-0.000000,-0.000000,0.000000,1.000000;;
         }

         Frame J_L_Sode_D01 {
          

          FrameTransformMatrix relative {
           1.000000,-0.000000,-0.000000,0.000000,0.000000,1.000000,-0.000000,0.000000,0.000000,-0.000000,1.000000,0.000000,0.722856,-0.036996,0.004082,1.000000;;
          }

          ObjectMatrixComment object {
           1.000000,-0.000000,0.000000,0.000000,-0.000000,1.000000,0.000000,0.000000,0.000000,-0.000000,1.000000,0.000000,0.000000,0.000000,-0.000000,1.000000;;
          }
         }
        }

        Frame J_L_Sode_A00 {
         

         FrameTransformMatrix relative {
          0.970933,-0.184017,-0.153062,0.000000,0.162622,0.976379,-0.142264,0.000000,0.175625,0.113238,0.977924,0.000000,0.235227,0.005147,-0.180052,1.000000;;
         }

         ObjectMatrixComment object {
          1.000000,0.000000,0.000000,0.000000,0.000000,1.000000,0.000000,0.000000,-0.000000,-0.000000,1.000000,0.000000,0.000000,0.000000,0.000000,1.000000;;
         }

         Frame J_L_Sode_A01 {
          

          FrameTransformMatrix relative {
           1.000000,0.000000,0.000000,0.000000,0.000000,-0.066266,-0.997802,0.000000,-0.000000,0.997802,-0.066266,0.000000,0.741257,0.091712,0.054475,1.000000;;
          }

          ObjectMatrixComment object {
           1.000000,0.000000,0.000000,0.000000,0.000000,1.000000,-0.000000,0.000000,-0.000000,0.000000,1.000000,0.000000,0.000000,-0.000000,0.000000,1.000000;;
          }
         }
        }

        Frame J_L_Sode_B00 {
         

         FrameTransformMatrix relative {
          0.994867,-0.101195,0.001060,0.000000,0.001090,0.000237,-1.000000,0.000000,0.101194,0.994867,0.000346,0.000000,0.221256,-0.188653,-0.001264,1.000000;;
         }

         ObjectMatrixComment object {
          1.000000,-0.000000,-0.000000,0.000000,0.000000,1.000000,0.000000,0.000000,-0.000000,0.000000,1.000000,0.000000,0.000000,0.000000,-0.000000,1.000000;;
         }

         Frame J_L_Sode_B01 {
          

          FrameTransformMatrix relative {
           1.000000,-0.000000,-0.000000,0.000000,0.000000,1.000000,0.000000,0.000000,-0.000000,-0.000000,1.000000,0.000000,0.754365,0.000000,0.000000,1.000000;;
          }

          ObjectMatrixComment object {
           1.000000,-0.000000,-0.000000,0.000000,0.000000,1.000000,0.000000,0.000000,-0.000000,-0.000000,1.000000,0.000000,0.000000,0.000000,-0.000000,1.000000;;
          }
         }
        }

        Frame J_L_Sode_C00 {
         

         FrameTransformMatrix relative {
          0.962240,0.043659,0.268684,0.000000,0.045359,-0.998972,-0.000118,0.000000,0.268402,0.012301,-0.963229,0.000000,0.206950,0.063944,0.244551,1.000000;;
         }

         ObjectMatrixComment object {
          1.000000,-0.000000,0.000000,0.000000,0.000000,1.000000,-0.000000,0.000000,-0.000000,0.000000,1.000000,0.000000,0.000000,0.000000,-0.000000,1.000000;;
         }

         Frame J_L_Sode_C01 {
          

          FrameTransformMatrix relative {
           1.000000,0.000000,0.000000,0.000000,0.000000,1.000000,0.000000,0.000000,-0.000000,0.000000,1.000000,0.000000,0.814394,0.000000,0.000000,1.000000;;
          }

          ObjectMatrixComment object {
           1.000000,-0.000000,0.000000,0.000000,0.000000,1.000000,0.000000,0.000000,0.000000,-0.000000,1.000000,0.000000,0.000000,-0.000000,0.000000,1.000000;;
          }
         }
        }
       }
      }
     }

     Frame Character1_RightShoulder {
      

      FrameTransformMatrix relative {
       0.001066,-0.999891,-0.014791,0.000000,0.950582,0.005606,-0.310426,0.000000,0.310475,-0.013729,0.950484,0.000000,0.612274,-0.209968,0.000749,1.000000;;
      }

      ObjectMatrixComment object {
       1.000000,0.000000,-0.000000,0.000000,0.000000,1.000000,0.000000,0.000000,0.000000,-0.000000,1.000000,0.000000,0.000000,-0.000000,0.000000,1.000000;;
      }

      Frame Character1_RightArm {
       

       FrameTransformMatrix relative {
        0.999985,-0.005253,-0.001354,0.000000,0.005253,0.999986,-0.000015,0.000000,0.001354,0.000008,0.999999,0.000000,0.277187,-0.000005,0.000000,1.000000;;
       }

       ObjectMatrixComment object {
        1.000000,0.000000,-0.000000,0.000000,-0.000000,1.000000,-0.000000,0.000000,0.000000,0.000000,1.000000,0.000000,0.000000,0.000000,-0.000000,1.000000;;
       }

       Frame Character1_RightForeArm {
        

        FrameTransformMatrix relative {
         0.999997,-0.002094,-0.000881,0.000000,0.002095,0.999998,0.000259,0.000000,0.000881,-0.000261,1.000000,0.000000,1.168894,-0.000064,-0.000087,1.000000;;
        }

        ObjectMatrixComment object {
         1.000000,-0.000000,0.000000,0.000000,-0.000000,1.000000,-0.000000,0.000000,0.000000,-0.000000,1.000000,0.000000,-0.000000,0.000001,-0.000000,1.000000;;
        }

        Frame Character1_RightHand {
         

         FrameTransformMatrix relative {
          0.985508,-0.169628,0.000730,0.000000,0.169625,0.985503,0.003397,0.000000,-0.001295,-0.003224,0.999993,0.000000,0.812401,0.000010,0.000003,1.000000;;
         }

         ObjectMatrixComment object {
          1.000000,0.000000,-0.000000,0.000000,0.000000,1.000000,-0.000000,0.000000,0.000000,0.000000,1.000000,0.000000,0.000000,-0.000001,-0.000000,1.000000;;
         }

         Frame Character1_RightHandThumb1 {
          

          FrameTransformMatrix relative {
           0.848202,-0.242462,-0.470922,0.000000,0.523833,0.515664,0.678006,0.000000,0.078447,-0.821769,0.564396,0.000000,0.131694,-0.022635,-0.104306,1.000000;;
          }

          ObjectMatrixComment object {
           1.000000,-0.000000,0.000000,0.000000,-0.000000,1.000000,0.000000,0.000000,0.000000,-0.000000,1.000000,0.000000,-0.000000,0.000000,-0.000000,1.000000;;
          }

          Frame Character1_RightHandThumb2 {
           

           FrameTransformMatrix relative {
            0.999754,0.022137,0.000990,0.000000,-0.022155,0.997581,0.065894,0.000000,0.000471,-0.065900,0.997826,0.000000,0.160147,0.003012,-0.005640,1.000000;;
           }

           ObjectMatrixComment object {
            1.000000,-0.000000,0.000000,0.000000,-0.000000,1.000000,-0.000000,0.000000,-0.000000,0.000000,1.000000,0.000000,-0.000000,0.000000,0.000000,1.000000;;
           }

           Frame Character1_RightHandThumb3 {
            

            FrameTransformMatrix relative {
             0.999330,0.023284,-0.028303,0.000000,-0.023821,0.999541,-0.018784,0.000000,0.027853,0.019446,0.999424,0.000000,0.087931,0.000761,-0.002557,1.000000;;
            }

            ObjectMatrixComment object {
             1.000000,0.000000,0.000000,0.000000,0.000000,1.000000,0.000000,0.000000,0.000000,0.000000,1.000000,0.000000,0.000000,-0.000000,0.000000,1.000000;;
            }

            Frame Character1_RightHandThumb4 {
             

             FrameTransformMatrix relative {
              0.989955,-0.019421,-0.140061,0.000000,0.046160,0.980646,0.190280,0.000000,0.133655,-0.194834,0.971689,0.000000,0.131440,-0.000152,-0.007938,1.000000;;
             }

             ObjectMatrixComment object {
              1.000000,0.000000,-0.000000,0.000000,-0.000000,1.000000,0.000000,0.000000,0.000000,-0.000000,1.000000,0.000000,-0.000000,0.000000,0.000000,1.000000;;
             }
            }
           }
          }
         }

         Frame Character1_RightHandIndex1 {
          

          FrameTransformMatrix relative {
           0.995791,0.085888,-0.032041,0.000000,0.079863,-0.984405,-0.156754,0.000000,-0.045004,0.153536,-0.987119,0.000000,0.387295,0.119387,-0.123868,1.000000;;
          }

          ObjectMatrixComment object {
           1.000000,-0.000000,0.000000,0.000000,-0.000000,1.000000,0.000000,0.000000,0.000000,0.000000,1.000000,0.000000,0.000000,0.000001,0.000000,1.000000;;
          }

          Frame Character1_RightHandIndex2 {
           

           FrameTransformMatrix relative {
            0.997705,0.067616,-0.003515,0.000000,-0.067707,0.996129,-0.056048,0.000000,-0.000289,0.056158,0.998422,0.000000,0.121165,-0.010042,0.011150,1.000000;;
           }

           ObjectMatrixComment object {
            1.000000,-0.000000,-0.000000,0.000000,0.000000,1.000000,0.000000,0.000000,-0.000000,0.000000,1.000000,0.000000,0.000000,0.000000,-0.000000,1.000000;;
           }

           Frame Character1_RightHandIndex3 {
            

            FrameTransformMatrix relative {
             0.999491,-0.029346,-0.012665,0.000000,0.028283,0.996611,-0.077264,0.000000,0.014889,0.076866,0.996932,0.000000,0.079431,-0.013209,-0.000006,1.000000;;
            }

            ObjectMatrixComment object {
             1.000000,-0.000000,0.000000,0.000000,-0.000000,1.000000,0.000000,0.000000,0.000000,-0.000000,1.000000,0.000000,0.000000,0.000000,0.000000,1.000000;;
            }

            Frame Character1_RightHandIndex4 {
             

             FrameTransformMatrix relative {
              0.974058,-0.225766,-0.015632,0.000000,0.225960,0.966419,0.122388,0.000000,-0.012524,-0.122745,0.992361,0.000000,0.105374,-0.016269,0.003521,1.000000;;
             }

             ObjectMatrixComment object {
              1.000000,-0.000000,0.000000,0.000000,-0.000000,1.000000,0.000000,0.000000,0.000000,0.000000,1.000000,0.000000,-0.000000,-0.000000,0.000000,1.000000;;
             }
            }
           }
          }
         }

         Frame Character1_RightHandMiddle1 {
          

          FrameTransformMatrix relative {
           0.989742,0.126466,0.066479,0.000000,0.135201,-0.979458,-0.149615,0.000000,0.046192,0.157068,-0.986508,0.000000,0.386705,0.120554,-0.021800,1.000000;;
          }

          ObjectMatrixComment object {
           1.000000,0.000000,-0.000000,0.000000,0.000000,1.000000,-0.000000,0.000000,0.000000,0.000000,1.000000,0.000000,0.000000,-0.000000,-0.000000,1.000000;;
          }

          Frame Character1_RightHandMiddle2 {
           

           FrameTransformMatrix relative {
            0.996725,0.077142,-0.024260,0.000000,-0.077916,0.996421,-0.032764,0.000000,0.021646,0.034547,0.999169,0.000000,0.126775,0.005847,0.003399,1.000000;;
           }

           ObjectMatrixComment object {
            1.000000,-0.000000,0.000000,0.000000,0.000000,1.000000,0.000000,0.000000,0.000000,0.000000,1.000000,0.000000,-0.000000,0.000000,-0.000000,1.000000;;
           }

           Frame Character1_RightHandMiddle3 {
            

            FrameTransformMatrix relative {
             0.996508,0.083471,0.002746,0.000000,-0.083493,0.996469,0.009033,0.000000,-0.001983,-0.009231,0.999957,0.000000,0.097078,-0.003523,0.002083,1.000000;;
            }

            ObjectMatrixComment object {
             1.000000,0.000000,0.000000,0.000000,-0.000000,1.000000,0.000000,0.000000,-0.000000,0.000000,1.000000,0.000000,0.000000,-0.000001,0.000000,1.000000;;
            }

            Frame Character1_RightHandMiddle4 {
             

             FrameTransformMatrix relative {
              0.991163,-0.131237,-0.019439,0.000000,0.132029,0.990107,0.047547,0.000000,0.013007,-0.049693,0.998682,0.000000,0.107187,-0.025333,0.002356,1.000000;;
             }

             ObjectMatrixComment object {
              1.000000,0.000000,0.000000,0.000000,-0.000000,1.000000,0.000000,0.000000,0.000000,0.000000,1.000000,0.000000,-0.000000,0.000000,-0.000000,1.000000;;
             }
            }
           }
          }
         }

         Frame Character1_RightHandRing1 {
          

          FrameTransformMatrix relative {
           0.969366,-0.209079,0.128915,0.000000,-0.126374,-0.874567,-0.468149,0.000000,0.210625,0.437516,-0.874197,0.000000,0.371520,0.098280,0.068554,1.000000;;
          }

          ObjectMatrixComment object {
           1.000000,-0.000000,-0.000000,0.000000,0.000000,1.000000,0.000000,0.000000,-0.000000,0.000000,1.000000,0.000000,0.000000,0.000001,0.000000,1.000000;;
          }

          Frame Character1_RightHandRing2 {
           

           FrameTransformMatrix relative {
            0.987289,-0.156408,-0.028222,0.000000,0.155041,0.986861,-0.045468,0.000000,0.034963,0.040515,0.998567,0.000000,0.117290,-0.017539,0.000040,1.000000;;
           }

           ObjectMatrixComment object {
            1.000000,0.000000,0.000000,0.000000,-0.000000,1.000000,0.000000,0.000000,0.000000,-0.000000,1.000000,0.000000,0.000000,0.000000,-0.000000,1.000000;;
           }

           Frame Character1_RightHandRing3 {
            

            FrameTransformMatrix relative {
             0.997717,0.044273,0.051027,0.000000,-0.043342,0.998877,-0.019209,0.000000,-0.051820,0.016954,0.998514,0.000000,0.079468,0.001890,0.005162,1.000000;;
            }

            ObjectMatrixComment object {
             1.000000,0.000000,0.000000,0.000000,0.000000,1.000000,-0.000000,0.000000,-0.000000,0.000000,1.000000,0.000000,-0.000001,0.000000,0.000000,1.000000;;
            }

            Frame Character1_RightHandRing4 {
             

             FrameTransformMatrix relative {
              0.996240,-0.086330,-0.007531,0.000000,0.086492,0.995943,0.024880,0.000000,0.005353,-0.025437,0.999664,0.000000,0.125630,-0.016369,0.000174,1.000000;;
             }

             ObjectMatrixComment object {
              1.000000,-0.000000,0.000000,0.000000,0.000000,1.000000,-0.000000,0.000000,-0.000000,0.000000,1.000000,0.000000,0.000000,-0.000000,-0.000000,1.000000;;
             }
            }
           }
          }
         }

         Frame Character1_RightHandPinky1 {
          

          FrameTransformMatrix relative {
           0.942850,-0.172666,0.284998,0.000000,-0.016326,-0.878188,-0.478040,0.000000,0.332823,0.446066,-0.830817,0.000000,0.325095,0.051832,0.138608,1.000000;;
          }

          ObjectMatrixComment object {
           1.000000,-0.000000,-0.000000,0.000000,-0.000000,1.000000,0.000000,0.000000,0.000000,0.000000,1.000000,0.000000,-0.000000,-0.000000,0.000000,1.000000;;
          }

          Frame Character1_RightHandPinky2 {
           

           FrameTransformMatrix relative {
            0.996375,-0.080308,-0.028118,0.000000,0.081585,0.995526,0.047693,0.000000,0.024162,-0.049814,0.998468,0.000000,0.090488,-0.000264,0.000721,1.000000;;
           }

           ObjectMatrixComment object {
            1.000000,-0.000000,0.000000,0.000000,0.000000,1.000000,0.000000,0.000000,0.000000,0.000000,1.000000,0.000000,0.000000,0.000000,0.000000,1.000000;;
           }

           Frame Character1_RightHandPinky3 {
            

            FrameTransformMatrix relative {
             0.999594,0.028554,-0.000642,0.000000,-0.028514,0.998973,0.035272,0.000000,0.001649,-0.035239,0.999380,0.000000,0.069428,0.004141,-0.001334,1.000000;;
            }

            ObjectMatrixComment object {
             1.000000,-0.000000,0.000000,0.000000,-0.000000,1.000000,0.000000,0.000000,0.000000,0.000000,1.000000,0.000000,-0.000000,-0.000000,0.000000,1.000000;;
            }

            Frame Character1_RightHandPinky4 {
             

             FrameTransformMatrix relative {
              0.999239,-0.017002,-0.035173,0.000000,0.015996,0.999462,-0.028701,0.000000,0.035642,0.028116,0.998971,0.000000,0.096015,-0.001250,-0.002593,1.000000;;
             }

             ObjectMatrixComment object {
              1.000000,0.000000,0.000000,0.000000,0.000000,1.000000,-0.000000,0.000000,-0.000000,-0.000000,1.000000,0.000000,0.000000,-0.000000,0.000000,1.000000;;
             }
            }
           }
          }
         }
        }

        Frame J_R_Sode_A00 {
         

         FrameTransformMatrix relative {
          0.982357,0.007129,-0.186879,0.000000,-0.004584,0.999891,0.014049,0.000000,0.186959,-0.012944,0.982283,0.000000,0.235217,-0.005147,-0.180055,1.000000;;
         }

         ObjectMatrixComment object {
          1.000000,0.000000,0.000000,0.000000,0.000000,1.000000,0.000000,0.000000,0.000000,-0.000000,1.000000,0.000000,0.000000,0.000000,-0.000000,1.000000;;
         }

         Frame J_R_Sode_A01 {
          

          FrameTransformMatrix relative {
           1.000000,0.000000,0.000000,0.000000,0.000000,1.000000,0.000000,0.000000,0.000000,-0.000000,1.000000,0.000000,0.745038,0.036223,0.066662,1.000000;;
          }

          ObjectMatrixComment object {
           1.000000,0.000000,-0.000000,0.000000,0.000000,1.000000,0.000000,0.000000,0.000000,-0.000000,1.000000,0.000000,0.000000,0.000000,-0.000000,1.000000;;
          }
         }
        }

        Frame J_R_Sode_B00 {
         

         FrameTransformMatrix relative {
          0.988293,0.152565,0.001028,0.000000,-0.001076,0.000237,1.000000,0.000000,0.152565,-0.988294,0.000398,0.000000,0.221249,0.188650,-0.001267,1.000000;;
         }

         ObjectMatrixComment object {
          1.000000,0.000000,-0.000000,0.000000,0.000000,1.000000,0.000000,0.000000,0.000000,0.000000,1.000000,0.000000,0.000000,-0.000000,0.000000,1.000000;;
         }

         Frame J_R_Sode_B01 {
          

          FrameTransformMatrix relative {
           1.000000,0.000000,-0.000000,0.000000,0.000000,1.000000,0.000000,0.000000,-0.000000,0.000000,1.000000,0.000000,0.753353,0.000000,0.039059,1.000000;;
          }

          ObjectMatrixComment object {
           1.000000,-0.000000,0.000000,0.000000,0.000000,1.000000,0.000000,0.000000,-0.000000,0.000000,1.000000,0.000000,-0.000000,-0.000000,0.000001,1.000000;;
          }
         }
        }

        Frame J_R_Sode_D00 {
         

         FrameTransformMatrix relative {
          0.982766,-0.172552,0.066305,0.000000,0.065333,-0.011314,-0.997800,0.000000,0.172923,0.984937,0.000155,0.000000,0.219770,-0.194910,-0.013542,1.000000;;
         }

         ObjectMatrixComment object {
          1.000000,0.000000,0.000000,0.000000,0.000000,1.000000,0.000000,0.000000,0.000000,0.000000,1.000000,0.000000,0.000000,-0.000000,-0.000001,1.000000;;
         }

         Frame J_R_Sode_D01 {
          

          FrameTransformMatrix relative {
           1.000000,0.000000,0.000000,0.000000,0.000000,1.000000,0.000000,0.000000,0.000000,0.000000,1.000000,0.000000,0.723817,-0.000000,-0.000000,1.000000;;
          }

          ObjectMatrixComment object {
           1.000000,0.000000,0.000000,0.000000,0.000000,1.000000,0.000000,0.000000,0.000000,0.000000,1.000000,0.000000,0.000000,0.000000,0.000000,1.000000;;
          }
         }
        }

        Frame J_R_Sode_C00 {
         

         FrameTransformMatrix relative {
          0.962234,-0.043620,0.268707,0.000000,-0.045321,-0.998974,0.000129,0.000000,0.268426,-0.012302,-0.963222,0.000000,0.206939,-0.063934,0.244558,1.000000;;
         }

         ObjectMatrixComment object {
          1.000000,0.000000,0.000000,0.000000,-0.000000,1.000000,-0.000000,0.000000,0.000000,0.000000,1.000000,0.000000,0.000000,-0.000000,0.000000,1.000000;;
         }

         Frame J_R_Sode_C01 {
          

          FrameTransformMatrix relative {
           1.000000,0.000000,0.000000,0.000000,-0.000000,1.000000,-0.000000,0.000000,0.000000,0.000000,1.000000,0.000000,0.814394,-0.000000,-0.000000,1.000000;;
          }

          ObjectMatrixComment object {
           1.000000,0.000000,0.000000,0.000000,-0.000000,1.000000,-0.000000,0.000000,0.000000,0.000000,1.000000,0.000000,0.000000,0.000000,-0.000000,1.000000;;
          }
         }
        }
       }
      }
     }

     Frame Character1_Neck {
      

      FrameTransformMatrix relative {
       0.935676,0.006195,-0.352807,0.000000,-0.001045,0.999891,0.014784,0.000000,0.352860,-0.013464,0.935580,0.000000,0.784256,0.001433,-0.041492,1.000000;;
      }

      ObjectMatrixComment object {
       1.000000,-0.000000,0.000000,0.000000,0.000000,1.000000,-0.000000,0.000000,0.000000,-0.000000,1.000000,0.000000,0.000000,-0.000000,-0.000000,1.000000;;
      }

      Frame Character1_Head {
       

