xof 0303txt 0032
template AnimTicksPerSecond {
 <9e415a43-7ba6-4a73-8743-b73d47e88476>
 DWORD AnimTicksPerSecond;
}

template Frame {
 <3d82ab46-62da-11cf-ab39-0020af71e433>
 [...]
}

template Matrix4x4 {
 <f6f23f45-7686-11cf-8f52-0040333594a3>
 array FLOAT matrix[16];
}

template FrameTransformMatrix {
 <f6f23f41-7686-11cf-8f52-0040333594a3>
 Matrix4x4 frameMatrix;
}

template Vector {
 <3d82ab5e-62da-11cf-ab39-0020af71e433>
 FLOAT x;
 FLOAT y;
 FLOAT z;
}

template TextureFilename {
 <A42790E1-7810-11cf-8F52-0040333594A3>
 STRING filename;
}

template MeshFace {
 <3d82ab5f-62da-11cf-ab39-0020af71e433>
 DWORD nFaceVertexIndices;
 array DWORD faceVertexIndices[nFaceVertexIndices];
}

template Mesh {
 <3d82ab44-62da-11cf-ab39-0020af71e433>
 DWORD nVertices;
 array Vector vertices[nVertices];
 DWORD nFaces;
 array MeshFace faces[nFaces];
 [...]
}

template MeshNormals {
 <f6f23f43-7686-11cf-8f52-0040333594a3>
 DWORD nNormals;
 array Vector normals[nNormals];
 DWORD nFaceNormals;
 array MeshFace faceNormals[nFaceNormals];
}

template Coords2d {
 <f6f23f44-7686-11cf-8f52-0040333594a3>
 FLOAT u;
 FLOAT v;
}

template MeshTextureCoords {
 <f6f23f40-7686-11cf-8f52-0040333594a3>
 DWORD nTextureCoords;
 array Coords2d textureCoords[nTextureCoords];
}

template ColorRGBA {
 <35ff44e0-6c7c-11cf-8f52-0040333594a3>
 FLOAT red;
 FLOAT green;
 FLOAT blue;
 FLOAT alpha;
}

template ColorRGB {
 <d3e16e81-7835-11cf-8f52-0040333594a3>
 FLOAT red;
 FLOAT green;
 FLOAT blue;
}

template Material {
 <3d82ab4d-62da-11cf-ab39-0020af71e433>
 ColorRGBA faceColor;
 FLOAT power;
 ColorRGB specularColor;
 ColorRGB emissiveColor;
 [...]
}

template MeshMaterialList {
 <f6f23f42-7686-11cf-8f52-0040333594a3>
 DWORD nMaterials;
 DWORD nFaceIndexes;
 array DWORD faceIndexes[nFaceIndexes];
 [Material <3d82ab4d-62da-11cf-ab39-0020af71e433>]
}

template XSkinMeshHeader {
 <3cf169ce-ff7c-44ab-93c0-f78f62d172e2>
 WORD nMaxSkinWeightsPerVertex;
 WORD nMaxSkinWeightsPerFace;
 WORD nBones;
}

template SkinWeights {
 <6f0d123b-bad2-4167-a0d0-80224f25fabb>
 STRING transformNodeName;
 DWORD nWeights;
 array DWORD vertexIndices[nWeights];
 array FLOAT weights[nWeights];
 Matrix4x4 matrixOffset;
}

template Animation {
 <3d82ab4f-62da-11cf-ab39-0020af71e433>
 [...]
}

template AnimationSet {
 <3d82ab50-62da-11cf-ab39-0020af71e433>
 [Animation <3d82ab4f-62da-11cf-ab39-0020af71e433>]
}

template FloatKeys {
 <10dd46a9-775b-11cf-8f52-0040333594a3>
 DWORD nValues;
 array FLOAT values[nValues];
}

template TimedFloatKeys {
 <f406b180-7b3b-11cf-8f52-0040333594a3>
 DWORD time;
 FloatKeys tfkeys;
}

template AnimationKey {
 <10dd46a8-775b-11cf-8f52-0040333594a3>
 DWORD keyType;
 DWORD nKeys;
 array TimedFloatKeys keys[nKeys];
}


AnimTicksPerSecond {
 4800;
}

Frame Character1_Reference {
 

 FrameTransformMatrix {
  -0.000000,0.000000,-0.015000,0.000000,-0.000000,0.015000,0.000000,0.000000,0.015000,0.000000,-0.000000,0.000000,0.000000,-0.750000,0.000000,1.000000;;
 }

 Frame Character1_Hips {
  

  FrameTransformMatrix {
   1.000000,0.000000,-0.000000,0.000000,-0.000000,-0.000000,-1.000000,0.000000,-0.000000,1.000000,-0.000000,0.000000,0.000000,41.803360,4.912036,1.000000;;
  }

  Frame Character1_RightUpLeg {
   

   FrameTransformMatrix {
    1.000000,-0.000340,-0.000060,0.000000,0.000340,1.000000,-0.000000,0.000000,0.000060,-0.000000,1.000000,0.000000,-9.838918,0.020455,-6.464706,1.000000;;
   }

   Frame Character1_RightLeg {
    

    FrameTransformMatrix {
     1.000000,0.000000,-0.000000,0.000000,-0.000000,1.000000,-0.000000,0.000000,-0.000000,-0.000000,1.000000,0.000000,0.000001,2.183431,-15.186378,1.000000;;
    }

    Frame Character1_RightFoot {
     

     FrameTransformMatrix {
      1.000000,0.000340,0.000060,0.000000,-0.000340,1.000000,-0.000000,0.000000,-0.000060,-0.000000,1.000000,0.000000,0.000000,3.391635,-16.433219,1.000000;;
     }

     Frame Character1_RightToeBase {
      

      FrameTransformMatrix {
       1.000000,-0.000000,-0.000000,0.000000,0.000000,1.000000,0.000000,0.000000,0.000000,0.000000,1.000000,0.000000,-0.009203,-4.402246,-4.116165,1.000000;;
      }
     }
    }
   }

   Frame J_R_knee {
    

    FrameTransformMatrix {
     1.000000,-0.000000,0.000000,0.000000,0.000000,1.000000,0.000000,0.000000,-0.000000,-0.000000,1.000000,0.000000,0.000001,2.212158,-15.356163,1.000000;;
    }
   }
  }

  Frame Character1_LeftUpLeg {
   

   FrameTransformMatrix {
    1.000000,0.000000,0.000000,0.000000,-0.000000,1.000000,-0.000000,0.000000,-0.000000,0.000000,1.000000,0.000000,9.838928,0.020466,-6.464722,1.000000;;
   }

   Frame Character1_LeftLeg {
    

    FrameTransformMatrix {
     1.000000,0.000000,0.000000,0.000000,-0.000000,1.000000,-0.000000,0.000000,-0.000000,0.000000,1.000000,0.000000,0.000000,2.183421,-15.186352,1.000000;;
    }

    Frame Character1_LeftFoot {
     

     FrameTransformMatrix {
      1.000000,0.000000,0.000000,0.000000,-0.000000,1.000000,-0.000000,0.000000,-0.000000,0.000000,1.000000,0.000000,0.000000,3.391636,-16.433226,1.000000;;
     }

     Frame Character1_LeftToeBase {
      

      FrameTransformMatrix {
       1.000000,0.000000,0.000000,0.000000,-0.000000,1.000000,-0.000000,0.000000,-0.000000,0.000000,1.000000,0.000000,0.009207,-4.402250,-4.116165,1.000000;;
      }
     }
    }

    Frame J_L_knee {
     

     FrameTransformMatrix {
      1.000000,0.000000,0.000000,0.000000,-0.000000,1.000000,-0.000000,0.000000,-0.000000,0.000000,1.000000,0.000000,0.000000,0.028730,-0.169811,1.000000;;
     }
    }
   }
  }

  Frame J_L_Skirt_00 {
   

   FrameTransformMatrix {
    1.000000,0.000000,0.000000,0.000000,-0.000000,0.984808,-0.173648,0.000000,0.000000,0.173648,0.984808,0.000000,8.367218,-5.437758,1.576829,1.000000;;
   }

   Frame J_L_Skirt_01 {
    

    FrameTransformMatrix {
     1.000000,0.000000,0.000000,0.000000,0.000000,1.000000,0.000000,0.000000,0.000000,-0.000000,1.000000,0.000000,-0.000001,0.000000,-6.016934,1.000000;;
    }

    Frame J_L_Skirt_02 {
     

     FrameTransformMatrix {
      1.000000,0.000000,0.000000,0.000000,0.000000,1.000000,0.000000,0.000000,0.000000,0.000000,1.000000,0.000000,0.000000,-0.000002,-6.979225,1.000000;;
     }
    }
   }
  }

  Frame J_R_Skirt_00 {
   

   FrameTransformMatrix {
    1.000000,0.000000,0.000000,0.000000,-0.000000,0.984808,-0.173648,0.000000,0.000000,0.173648,0.984808,0.000000,-8.367226,-5.437761,1.576878,1.000000;;
   }

   Frame J_R_Skirt_01 {
    

    FrameTransformMatrix {
     1.000000,0.000000,0.000000,0.000000,0.000000,1.000000,0.000000,0.000000,0.000000,-0.000000,1.000000,0.000000,-0.000001,0.000008,-6.016979,1.000000;;
    }

    Frame J_R_Skirt_02 {
     

     FrameTransformMatrix {
      1.000000,0.000000,0.000000,0.000000,0.000000,1.000000,0.000000,0.000000,0.000000,0.000000,1.000000,0.000000,0.000000,0.000002,-6.979226,1.000000;;
     }
    }
   }
  }

  Frame J_R_SkirtBack_01 {
   

   FrameTransformMatrix {
    1.000000,0.000000,0.000000,0.000000,-0.000000,1.000000,-0.000000,0.000000,-0.000000,0.000000,1.000000,0.000000,-6.589424,4.949106,-1.982010,1.000000;;
   }

   Frame J_R_SkirtBack_02 {
    

    FrameTransformMatrix {
     1.000000,0.000000,0.000000,0.000000,-0.000000,1.000000,-0.000000,0.000000,-0.000000,0.000000,1.000000,0.000000,0.000000,0.000000,-6.979227,1.000000;;
    }
   }
  }

  Frame J_L_SkirtBack_01 {
   

   FrameTransformMatrix {
    1.000000,0.000000,0.000000,0.000000,-0.000000,1.000000,-0.000000,0.000000,-0.000000,0.000000,1.000000,0.000000,6.589424,4.949107,-1.981933,1.000000;;
   }

   Frame J_L_SkirtBack_02 {
    

    FrameTransformMatrix {
     1.000000,0.000000,0.000000,0.000000,-0.000000,1.000000,-0.000000,0.000000,-0.000000,0.000000,1.000000,0.000000,0.000000,0.000000,-6.979226,1.000000;;
    }
   }
  }

  Frame Character1_Spine {
   

   FrameTransformMatrix {
    1.000000,0.000000,0.000000,0.000000,-0.000000,1.000000,-0.000000,0.000000,-0.000000,0.000000,1.000000,0.000000,0.000000,-0.017591,0.153996,1.000000;;
   }

   Frame Character1_Spine1 {
    

    FrameTransformMatrix {
     1.000000,0.000000,0.000000,0.000000,-0.000000,1.000000,-0.000000,0.000000,-0.000000,0.000000,1.000000,0.000000,0.000000,0.000000,4.283532,1.000000;;
    }

    Frame Character1_Spine2 {
     

     FrameTransformMatrix {
      1.000000,0.000000,0.000000,0.000000,-0.000000,1.000000,-0.000000,0.000000,-0.000000,0.000000,1.000000,0.000000,0.000000,0.015314,4.127564,1.000000;;
     }

     Frame Character1_RightShoulder {
      

      FrameTransformMatrix {
       0.956371,-0.023862,0.291178,0.000000,0.023862,0.999709,0.003552,0.000000,-0.291178,0.003551,0.956662,0.000000,-2.673148,4.695330,10.265480,1.000000;;
      }

      Frame Character1_RightArm {
       

       FrameTransformMatrix {
        0.921235,-0.004219,0.388985,0.000000,-0.017051,0.998542,0.051214,0.000000,-0.388634,-0.053813,0.919819,0.000000,-4.694745,-0.030061,0.366833,1.000000;;
       }

       Frame Character1_RightForeArm {
        

        FrameTransformMatrix {
         0.997419,0.071780,-0.001924,0.000000,-0.071706,0.997084,0.026124,0.000000,0.003794,-0.025918,0.999657,0.000000,-11.878658,0.000000,-0.000049,1.000000;;
        }

        Frame Character1_RightHand {
         

         FrameTransformMatrix {
          0.999999,-0.000125,-0.001562,0.000000,0.000047,0.998757,-0.049851,0.000000,0.001566,0.049851,0.998756,0.000000,-11.270622,-0.000007,-0.000096,1.000000;;
         }

         Frame Character1_RightHandThumb1 {
          

          FrameTransformMatrix {
           0.872227,0.485829,0.056471,0.000000,0.000925,-0.117097,0.993120,0.000000,0.489099,-0.866175,-0.102585,0.000000,-1.643690,-1.568381,-1.747290,1.000000;;
          }

          Frame Character1_RightHandThumb2 {
           

           FrameTransformMatrix {
            0.964297,0.222220,0.144047,0.000000,-0.220084,0.974994,-0.030804,0.000000,-0.147291,-0.001998,0.989091,0.000000,-1.750156,0.000012,-0.000051,1.000000;;
           }

           Frame Character1_RightHandThumb3 {
            

            FrameTransformMatrix {
             0.999274,0.000213,0.038114,0.000000,0.000845,0.999616,-0.027719,0.000000,-0.038106,0.027731,0.998889,0.000000,-1.031611,0.000053,-0.000010,1.000000;;
            }

            Frame Character1_RightHandThumb4 {
             

             FrameTransformMatrix {
              1.000000,-0.000000,0.000000,0.000000,0.000000,1.000000,0.000001,0.000000,-0.000000,-0.000001,1.000000,0.000000,-1.242893,-0.000071,0.000019,1.000000;;
             }
            }
           }
          }
         }

         Frame Character1_RightHandIndex1 {
          

          FrameTransformMatrix {
           0.980302,0.059235,0.188416,0.000000,-0.062462,0.997984,0.011234,0.000000,-0.187370,-0.022782,0.982025,0.000000,-4.697758,-2.218206,0.259845,1.000000;;
          }

          Frame Character1_RightHandIndex2 {
           

           FrameTransformMatrix {
            0.996481,0.014262,-0.082599,0.000000,-0.013294,0.999836,0.012264,0.000000,0.082760,-0.011123,0.996507,0.000000,-1.422731,0.000007,-0.000013,1.000000;;
           }

           Frame Character1_RightHandIndex3 {
            

            FrameTransformMatrix {
             1.000000,0.000000,0.000000,0.000000,-0.000000,1.000000,-0.000000,0.000000,-0.000000,0.000000,1.000000,0.000000,-1.073612,-0.000009,-0.000014,1.000000;;
            }
           }
          }
         }

         Frame Character1_RightHandMiddle1 {
          

          FrameTransformMatrix {
           0.983650,0.042265,0.175064,0.000000,-0.044201,0.998997,0.007175,0.000000,-0.174585,-0.014796,0.984531,0.000000,-5.140938,-0.634633,0.610695,1.000000;;
          }

          Frame Character1_RightHandMiddle2 {
           

           FrameTransformMatrix {
            0.999191,-0.020679,-0.034474,0.000000,0.020411,0.999759,-0.008103,0.000000,0.034633,0.007393,0.999373,0.000000,-1.678072,-0.000004,0.000008,1.000000;;
           }

           Frame Character1_RightHandMiddle3 {
            

            FrameTransformMatrix {
             1.000000,0.000000,-0.000002,0.000000,-0.000000,1.000000,-0.000000,0.000000,0.000002,0.000000,1.000000,0.000000,-1.280767,0.000006,-0.000086,1.000000;;
            }
           }
          }
         }

         Frame Character1_RightHandRing1 {
          

          FrameTransformMatrix {
           0.997535,-0.009305,0.069548,0.000000,0.009673,0.999941,-0.004951,0.000000,-0.069498,0.005612,0.997566,0.000000,-4.934021,0.888917,0.412556,1.000000;;
          }

          Frame Character1_RightHandRing2 {
           

           FrameTransformMatrix {
            0.999132,-0.023285,0.034548,0.000000,0.023634,0.999673,-0.009743,0.000000,-0.034310,0.010551,0.999355,0.000000,-1.306175,0.000001,0.000019,1.000000;;
           }

           Frame Character1_RightHandRing3 {
            

            FrameTransformMatrix {
             1.000000,0.000000,0.000000,0.000000,-0.000000,1.000000,0.000000,0.000000,-0.000000,-0.000000,1.000000,0.000000,-1.000038,-0.000001,-0.000039,1.000000;;
            }
           }
          }
         }

         Frame Character1_RightHandPinky1 {
          

          FrameTransformMatrix {
           0.952813,0.070242,0.295319,0.000000,-0.075850,0.997091,0.007560,0.000000,-0.293929,-0.029603,0.955369,0.000000,-4.635406,2.260200,0.095024,1.000000;;
          }

          Frame Character1_RightHandPinky2 {
           

           FrameTransformMatrix {
            0.999057,-0.009384,0.042389,0.000000,0.009732,0.999920,-0.008006,0.000000,-0.042311,0.008411,0.999069,0.000000,-0.959963,0.000007,0.000113,1.000000;;
           }

           Frame Character1_RightHandPinky3 {
            

            FrameTransformMatrix {
             1.000000,0.000000,0.000000,0.000000,-0.000000,1.000000,-0.000000,0.000000,-0.000001,0.000000,1.000000,0.000000,-0.759220,0.000013,-0.000031,1.000000;;
            }
           }
          }
         }
        }

        Frame J_R_Elbow {
         

         FrameTransformMatrix {
          0.999355,-0.035888,0.001664,0.000000,0.035907,0.999271,-0.012994,0.000000,-0.001197,0.013046,0.999915,0.000000,0.022070,0.468901,-0.007989,1.000000;;
         }
        }

        Frame J_R_ForeArm_00_tw {
         

         FrameTransformMatrix {
          1.000000,-0.000053,-0.000782,0.000000,0.000033,0.999689,-0.024933,0.000000,0.000783,0.024933,0.999689,0.000000,-10.890930,0.009293,-0.038054,1.000000;;
         }
        }

        Frame J_R_Sode_A00 {
         

         FrameTransformMatrix {
          0.981648,0.189997,-0.016378,0.000000,-0.190222,0.981648,-0.013512,0.000000,0.013510,0.016380,0.999775,0.000000,-1.625394,-4.258907,-0.456375,1.000000;;
         }

         Frame J_R_Sode_A01 {
          

          FrameTransformMatrix {
           1.000000,0.000001,0.000009,0.000000,-0.000000,1.000000,0.000048,0.000000,-0.000009,-0.000048,1.000000,0.000000,-10.319792,0.000018,-0.000259,1.000000;;
          }
         }
        }

        Frame J_R_Sode_D00 {
         

         FrameTransformMatrix {
          0.977195,-0.042446,0.208060,0.000000,0.047001,0.998750,-0.016998,0.000000,-0.207078,0.026390,0.977969,0.000000,-1.545731,0.009039,-3.743221,1.000000;;
         }

         Frame J_R_Sode_D01 {
          

          FrameTransformMatrix {
           1.000000,-0.000010,-0.000002,0.000000,0.000010,1.000000,0.000047,0.000000,0.000002,-0.000047,1.000000,0.000000,-10.183469,0.000296,0.000125,1.000000;;
          }
         }
        }

        Frame J_R_Sode_C00 {
         

         FrameTransformMatrix {
          0.979708,-0.200185,-0.009959,0.000000,0.199977,0.979622,-0.018752,0.000000,0.013510,0.016380,0.999775,0.000000,-1.254321,3.626200,-0.590576,1.000000;;
         }

         Frame J_R_Sode_C01 {
          

          FrameTransformMatrix {
           1.000000,-0.000000,-0.000009,0.000000,0.000000,1.000000,0.000048,0.000000,0.000009,-0.000048,1.000000,0.000000,-10.796965,0.000034,0.000275,1.000000;;
          }
         }
        }

        Frame J_R_Sode_B00 {
         

         FrameTransformMatrix {
          0.944033,-0.049975,-0.326045,0.000000,0.047001,0.998750,-0.016998,0.000000,0.326487,0.000722,0.945202,0.000000,-1.070161,0.085138,2.043191,1.000000;;
         }

         Frame J_R_Sode_B01 {
          

          FrameTransformMatrix {
           1.000000,0.000015,-0.000002,0.000000,-0.000015,1.000000,0.000046,0.000000,0.000002,-0.000046,1.000000,0.000000,-11.148699,-0.000263,0.000127,1.000000;;
          }
         }
        }
       }

       Frame J_R_Arm_00_tw {
        

        FrameTransformMatrix {
         1.000000,0.000001,0.000173,0.000000,0.000006,0.999242,-0.038928,0.000000,-0.000173,0.038928,0.999242,0.000000,0.061836,0.000034,0.002903,1.000000;;
        }

        Frame J_R_Sode_E00 {
         

         FrameTransformMatrix {
          1.000000,-0.000000,0.000003,0.000000,-0.000000,0.999990,0.004461,0.000000,-0.000003,-0.004461,0.999990,0.000000,-2.375824,0.000000,0.000099,1.000000;;
         }
        }
       }
      }
     }

     Frame Character1_Neck {
      

      FrameTransformMatrix {
       1.000000,0.000000,0.000000,0.000000,-0.000000,1.000000,-0.000000,0.000000,-0.000000,0.000000,1.000000,0.000000,-0.000000,4.726718,13.308445,1.000000;;
      }

      Frame Character1_Head {
       

       FrameTransformMatrix {
        1.000000,0.000000,0.000000,0.000000,-0.000000,1.000000,-0.000000,0.000000,-0.000000,0.000000,1.000000,0.000000,-0.000000,-0.804217,3.046857,1.000000;;
       }

       Frame J_L_HeadRibbon_00 {
        

        FrameTransformMatrix {
         0.834400,-0.049529,-0.548929,0.000000,-0.234382,0.869527,-0.434728,0.000000,0.498840,0.491396,0.713924,0.000000,7.951542,-6.875422,31.364067,1.000000;;
        }

        Frame J_L_HeadRibbon_01 {
         

         FrameTransformMatrix {
          0.949004,-0.314341,0.024135,0.000000,-0.107092,-0.393421,-0.913100,0.000000,0.296520,0.863950,-0.407022,0.000000,-0.000011,-0.000011,24.783683,1.000000;;
         }

         Frame J_L_HeadRibbon_02 {
          

          FrameTransformMatrix {
           0.990314,0.137876,-0.016375,0.000000,0.009668,0.049177,0.998743,0.000000,0.138507,-0.989228,0.047368,0.000000,-0.000002,0.000023,13.667938,1.000000;;
          }

          Frame J_L_HeadRibbon_03 {
           

           FrameTransformMatrix {
            1.000000,-0.000000,-0.000000,0.000000,0.000000,1.000000,-0.000000,0.000000,0.000000,0.000000,1.000000,0.000000,0.000005,-0.000015,16.675675,1.000000;;
           }
          }
         }
        }
       }

       Frame J_R_HeadRibbon_00 {
        

        FrameTransformMatrix {
         0.834400,0.049529,0.548929,0.000000,0.234382,0.869527,-0.434729,0.000000,-0.498840,0.491397,0.713924,0.000000,-7.951541,-6.875422,31.363949,1.000000;;
        }

        Frame J_R_HeadRibbon_01 {
         

         FrameTransformMatrix {
          0.949003,0.314341,-0.024136,0.000000,0.107090,-0.393417,-0.913102,0.000000,-0.296521,0.863952,-0.407017,0.000000,0.000118,-0.000105,24.783760,1.000000;;
         }

         Frame J_R_HeadRibbon_02 {
          

          FrameTransformMatrix {
           0.990314,-0.137876,0.016374,0.000000,-0.009666,0.049180,0.998743,0.000000,-0.138508,-0.989228,0.047371,0.000000,-0.000079,0.000141,13.668053,1.000000;;
          }

          Frame J_R_HeadRibbon_03 {
           

           FrameTransformMatrix {
            1.000000,0.000002,-0.000001,0.000000,-0.000002,1.000000,0.000001,0.000000,0.000001,-0.000002,1.000000,0.000000,0.000093,-0.000114,16.675792,1.000000;;
           }
          }
         }
        }
       }

       Frame bone_eye_L {
        

        FrameTransformMatrix {
         1.000000,0.000000,0.000000,0.000000,-0.000000,1.000000,-0.000000,0.000000,-0.000000,0.000000,1.000000,0.000000,2.689333,4.649828,10.205612,1.000000;;
        }
       }

       Frame bone_eye_R {
        

        FrameTransformMatrix {
         1.000000,0.000000,0.000000,0.000000,-0.000000,1.000000,-0.000000,0.000000,-0.000000,0.000000,1.000000,0.000000,-2.689329,4.649832,10.205597,1.000000;;
        }
       }

       Frame J_L_HairTail_00 {
        

        FrameTransformMatrix {
         0.920104,-0.332263,0.207389,0.000000,0.168219,0.813402,0.556848,0.000000,-0.353710,-0.477471,0.804307,0.000000,8.453447,12.091130,7.472450,1.000000;;
        }

        Frame J_L_HairTail_01 {
         

         FrameTransformMatrix {
          1.000000,-0.000000,0.000000,0.000000,0.000000,1.000000,0.000000,0.000000,0.000000,0.000000,1.000000,0.000000,0.000002,-0.000008,-19.820914,1.000000;;
         }

         Frame J_L_HairTail_02 {
          

          FrameTransformMatrix {
           1.000000,0.000000,-0.000000,0.000000,-0.000000,1.000000,0.000000,0.000000,0.000000,0.000000,1.000000,0.000000,0.000002,0.000010,-22.249168,1.000000;;
          }

          Frame J_L_HairTail_03 {
           

           FrameTransformMatrix {
            1.000000,-0.000000,0.000000,0.000000,-0.000000,1.000000,0.000000,0.000000,0.000000,-0.000000,1.000000,0.000000,-0.000003,0.000011,-17.191944,1.000000;;
           }
          }
         }
        }
       }

       Frame J_R_HairTail_00 {
        

        FrameTransformMatrix {
         0.920104,0.332263,-0.207389,0.000000,-0.168219,0.813402,0.556848,0.000000,0.353711,-0.477471,0.804308,0.000000,-8.453458,12.091122,7.472338,1.000000;;
        }

        Frame J_R_HairTail_01 {
         

         FrameTransformMatrix {
          1.000000,0.000000,-0.000000,0.000000,-0.000000,1.000000,0.000000,0.000000,0.000000,-0.000000,1.000000,0.000000,0.000010,0.000101,-19.820797,1.000000;;
         }

         Frame J_R_HairTail_02 {
          

          FrameTransformMatrix {
           1.000000,0.000000,0.000000,0.000000,-0.000000,1.000000,0.000000,0.000000,-0.000000,-0.000000,1.000000,0.000000,0.000045,-0.000055,-22.249267,1.000000;;
          }

          Frame J_R_HairTail_03 {
           

           FrameTransformMatrix {
            1.000000,0.000000,0.000000,0.000000,-0.000000,1.000000,0.000000,0.000000,0.000000,-0.000000,1.000000,0.000000,0.000001,-0.000008,-17.191933,1.000000;;
           }
          }
         }
        }
       }

       Frame J_L_HairSide_00 {
        

        FrameTransformMatrix {
         0.605948,0.194939,-0.771250,0.000000,-0.138051,0.980568,0.139383,0.000000,0.783434,0.022013,0.621085,0.000000,7.298516,-9.341250,27.946141,1.000000;;
        }

        Frame J_L_HairSide_01 {
         

         FrameTransformMatrix {
          0.761421,0.138758,-0.633233,0.000000,-0.099057,0.990256,0.097882,0.000000,0.640645,-0.011803,0.767747,0.000000,12.410915,0.000005,-0.000031,1.000000;;
         }

         Frame J_L_HairSide_02 {
          

          FrameTransformMatrix {
           1.000000,0.000000,-0.000000,0.000000,-0.000000,1.000000,0.000000,0.000000,0.000000,-0.000000,1.000000,0.000000,17.118456,0.000001,0.000022,1.000000;;
          }
         }
        }
       }

       Frame J_R_HairSide_00 {
        

        FrameTransformMatrix {
         0.605947,-0.194938,0.771250,0.000000,0.138050,0.980569,0.139383,0.000000,-0.783435,0.022012,0.621084,0.000000,-7.298514,-9.341254,27.946246,1.000000;;
        }

        Frame J_R_HairSide_01 {
         

         FrameTransformMatrix {
          0.761422,-0.138758,0.633232,0.000000,0.099057,0.990256,0.097881,0.000000,-0.640644,-0.011803,0.767748,0.000000,-12.411093,-0.000017,-0.000107,1.000000;;
         }

         Frame J_R_HairSide_02 {
          

          FrameTransformMatrix {
           1.000000,-0.000000,0.000000,0.000000,0.000000,1.000000,-0.000001,0.000000,-0.000000,0.000001,1.000000,0.000000,-17.118450,-0.000001,-0.000016,1.000000;;
          }
         }
        }
       }

       Frame J_L_HairFront_00 {
        

        FrameTransformMatrix {
         0.999667,-0.005840,0.025136,0.000000,0.007482,0.997810,-0.065723,0.000000,-0.024697,0.065889,0.997521,0.000000,-0.047762,-10.220734,28.018035,1.000000;;
        }

        Frame J_L_HairFront_01 {
         

         FrameTransformMatrix {
          0.999667,0.007482,-0.024697,0.000000,0.000000,0.957050,0.289923,0.000000,0.025806,-0.289826,0.956731,0.000000,0.000000,-0.000001,-18.115317,1.000000;;
         }
        }
       }

       Frame J_R_HairFront_00 {
        

        FrameTransformMatrix {
         0.988937,-0.015950,-0.147478,0.000000,-0.003916,0.991049,-0.133440,0.000000,0.148287,0.132542,0.980022,0.000000,-1.439927,-9.940761,28.018035,1.000000;;
        }

        Frame J_R_HairFront_01 {
         

         FrameTransformMatrix {
          0.999667,0.007482,-0.024697,0.000000,0.000000,0.957050,0.289923,0.000000,0.025806,-0.289826,0.956732,0.000000,0.000002,0.000004,-18.115310,1.000000;;
         }
        }
       }

       Frame J_L_HairSide2_00 {
        

        FrameTransformMatrix {
         1.000000,0.000000,0.000000,0.000000,-0.000000,1.000000,-0.000000,0.000000,-0.000000,0.000000,1.000000,0.000000,13.977994,-3.265358,14.276141,1.000000;;
        }

        Frame J_L_HairSide2_01 {
         

         FrameTransformMatrix {
          1.000000,0.000000,0.000000,0.000000,-0.000000,1.000000,-0.000000,0.000000,-0.000000,0.000000,1.000000,0.000000,0.000000,0.000000,-7.184113,1.000000;;
         }
        }
       }

       Frame J_R_HairSide2_00 {
        

        FrameTransformMatrix {
         1.000000,0.000000,0.000000,0.000000,-0.000000,1.000000,-0.000000,0.000000,-0.000000,0.000000,1.000000,0.000000,-13.977986,-3.265352,14.276078,1.000000;;
        }

        Frame J_R_HairSide2_01 {
         

         FrameTransformMatrix {
          1.000000,0.000000,0.000000,0.000000,-0.000000,1.000000,-0.000000,0.000000,-0.000000,0.000000,1.000000,0.000000,0.000000,0.000000,-7.184113,1.000000;;
         }
        }
       }

       Frame _face {
        

        FrameTransformMatrix {
         1.000000,0.000000,0.000000,0.000000,-0.000000,-0.000000,1.000000,0.000000,0.000000,-1.000000,-0.000000,0.000000,0.000000,0.991810,-66.723757,1.000000;;
        }

        Mesh {
         1217;
         1.372078;64.620634;6.727701;,
         1.633850;64.792026;7.155458;,
         0.808553;64.588653;7.487942;,
         0.716594;64.426317;7.070729;,
         0.000000;64.661939;8.015344;,
         0.000000;64.379629;7.770773;,
         0.383472;64.442362;7.671988;,
         0.336691;64.695539;7.904854;,
         9.048237;69.342080;1.837604;,
         10.166694;70.435386;3.348329;,
         9.745218;69.461901;3.525839;,
         0.961721;70.300730;10.774630;,
         0.149721;70.591258;11.357531;,
         0.437423;69.185082;10.921860;,
         0.000000;69.185280;11.014082;,
         0.000000;83.744749;11.094776;,
         3.254156;80.903622;10.403255;,
         3.758479;83.717606;10.601984;,
         0.000000;73.631885;9.500415;,
         0.000000;72.771110;9.650740;,
         1.090008;73.497485;9.084418;,
         9.765798;71.185517;0.925201;,
         11.061814;73.486163;0.785586;,
         10.992654;72.376173;3.034367;,
         6.188413;71.427149;7.441588;,
         6.194828;71.699424;7.312430;,
         5.109641;71.589798;7.747644;,
         1.696259;65.013613;7.414027;,
         0.858387;64.809043;7.696833;,
         7.431712;69.226470;7.941801;,
         5.972023;68.220378;8.453266;,
         7.240865;68.079392;7.720132;,
         0.168713;70.975648;11.215312;,
         0.482779;71.360589;10.219394;,
         0.000000;71.504480;10.267182;,
         0.000000;71.028525;11.270767;,
         10.564590;72.062074;5.058624;,
         10.600238;71.590688;3.164172;,
         9.689782;69.401261;5.476188;,
         9.220611;68.481568;3.743237;,
         0.000000;70.593306;11.398750;,
         4.758406;65.465414;5.294414;,
         6.310890;66.132973;5.263961;,
         5.045021;65.675302;6.112164;,
         4.639728;66.732173;8.065175;,
         3.041595;66.301101;8.004656;,
         4.227374;66.021792;7.490688;,
         5.787753;67.277344;8.026139;,
         5.549014;66.491565;7.407195;,
         7.001478;66.597203;3.300154;,
         8.452919;67.506528;4.092132;,
         7.505961;66.708557;4.628022;,
         0.418274;66.217216;8.792851;,
         0.393076;66.411597;8.690780;,
         0.000000;66.386957;8.765155;,
         0.000000;66.180832;8.904539;,
         0.151735;70.811808;11.314606;,
         0.000000;70.818963;11.383111;,
         3.037050;70.846080;9.124395;,
         1.990540;70.062669;10.232352;,
         3.302849;69.806950;9.676396;,
         2.020469;69.068755;10.400442;,
         3.230013;68.871507;9.834402;,
         1.069504;69.167117;10.772903;,
         0.427641;66.430982;9.204039;,
         0.432331;66.530771;9.334758;,
         0.000000;66.495827;9.413479;,
         0.000000;66.398458;9.266313;,
         0.926475;67.052294;9.475252;,
         0.833479;66.561197;9.169911;,
         1.172670;66.616698;8.954304;,
         1.271334;67.068467;9.338896;,
         0.504941;68.005651;10.407902;,
         0.000000;68.005286;10.520594;,
         1.658751;67.059974;9.183950;,
         1.836653;67.968909;9.908015;,
         4.683048;81.652282;10.183050;,
         0.000000;77.138957;10.017447;,
         0.000000;75.154982;9.568335;,
         1.920256;76.982797;9.288869;,
         1.434266;75.040589;8.939239;,
         3.015941;76.516550;8.666149;,
         0.648378;71.871379;9.743781;,
         0.879545;72.598464;9.326873;,
         4.746927;70.530739;8.508923;,
         4.876123;71.159040;8.095600;,
         3.099143;71.390573;8.689269;,
         0.000000;79.784774;10.743197;,
         2.888662;79.276090;10.083594;,
         3.638664;77.846445;9.229547;,
         6.213056;70.344544;7.970048;,
         6.099290;69.355738;8.533327;,
         7.447357;70.276205;7.579671;,
         12.905631;79.878291;4.598604;,
         11.945145;78.464928;6.237800;,
         12.454510;78.157888;4.647183;,
         9.547073;71.222349;6.104762;,
         8.529110;70.275789;7.084812;,
         9.456699;70.292358;6.287782;,
         9.150884;69.242387;6.519017;,
         8.406957;69.180032;7.254033;,
         8.164715;68.090822;6.958147;,
         5.220470;65.956781;6.769539;,
         9.715948;71.957331;6.033884;,
         10.212707;72.842317;5.897975;,
         9.148077;71.775994;6.307288;,
         0.838909;65.251296;7.953894;,
         1.723130;65.464090;7.689918;,
         0.000000;66.983770;9.761806;,
         0.474779;67.022490;9.645782;,
         1.331949;71.162086;9.776482;,
         3.772118;67.733216;9.070618;,
         4.581428;68.570963;9.158070;,
         7.778489;67.059590;6.039944;,
         8.535400;67.687910;5.851198;,
         7.985279;67.600352;2.536327;,
         6.990821;67.166227;7.246666;,
         2.771890;67.893478;9.517148;,
         12.065111;80.209594;6.570068;,
         8.785605;72.093850;6.482684;,
         9.247480;72.715558;6.341287;,
         7.520134;83.255770;9.701539;,
         10.311602;84.180762;8.623809;,
         7.457183;85.746022;9.674270;,
         10.317643;74.371526;6.216419;,
         9.948694;73.189882;6.103350;,
         5.151399;71.817709;7.542035;,
         6.211788;71.052282;7.592033;,
         2.472551;74.822784;8.480473;,
         1.957178;73.332006;8.701390;,
         3.247824;74.671424;8.226124;,
         7.333962;71.691110;6.942590;,
         0.354757;65.597824;8.420292;,
         0.000000;65.535270;8.530846;,
         0.000000;65.128237;8.278274;,
         0.334363;65.181376;8.147489;,
         0.836150;65.970400;8.563613;,
         0.416563;65.893152;8.701230;,
         0.816579;65.697478;8.321860;,
         2.385781;67.004256;8.911402;,
         8.548713;69.154822;0.889735;,
         9.048162;69.430662;1.472623;,
         8.408162;68.959558;0.957009;,
         8.603974;68.495674;2.016059;,
         8.074940;68.346368;1.206580;,
         7.354594;67.422803;1.812981;,
         6.503395;66.580819;2.641082;,
         5.632336;65.959699;3.515034;,
         4.409605;65.401510;4.715462;,
         2.742945;64.944646;5.868462;,
         0.337847;64.284243;7.255027;,
         3.030652;65.301946;7.037442;,
         3.038376;65.724154;7.487152;,
         0.000000;65.856832;8.798658;,
         0.000000;72.039680;9.856551;,
         4.615907;69.587584;9.138415;,
         4.630886;67.519341;8.648946;,
         1.717652;65.900192;8.018479;,
         2.292392;66.522694;8.453465;,
         1.637887;66.261248;8.361778;,
         1.055244;68.010771;10.226516;,
         7.453550;81.634714;9.534475;,
         10.296385;71.375194;5.091890;,
         9.974189;70.320838;5.253310;,
         10.952483;72.978304;4.963057;,
         9.202140;68.474266;5.675218;,
         6.636879;66.449850;6.353684;,
         2.957715;65.046554;6.539766;,
         3.450890;66.954170;8.564681;,
         6.029672;66.007795;4.165742;,
         1.209986;66.517741;8.396074;,
         1.192083;66.519142;8.400654;,
         1.267380;66.418451;8.493046;,
         1.413441;66.519379;8.516857;,
         0.000000;66.386957;8.765155;,
         0.393076;66.411597;8.690780;,
         4.621314;72.000992;7.693662;,
         3.918385;74.541005;8.062257;,
         3.150059;73.100211;8.192658;,
         4.102455;72.983392;7.836548;,
         3.118288;72.217229;8.379990;,
         1.685891;72.423181;8.993908;,
         3.608880;76.256960;8.445295;,
         3.973588;75.613382;8.272470;,
         4.497359;71.822310;7.870447;,
         8.240422;71.797971;6.651604;,
         8.413934;71.506528;6.622570;,
         7.380074;71.067891;7.131470;,
         7.335991;71.384358;7.020890;,
         4.313346;72.350310;7.789682;,
         0.823844;66.465690;9.036191;,
         0.753711;66.453466;8.537854;,
         0.432331;66.530771;9.334758;,
         1.144387;66.534240;8.808990;,
         1.001634;66.481005;8.455653;,
         0.753711;66.453466;8.537854;,
         0.811577;66.277933;8.655761;,
         1.084460;66.363814;8.535055;,
         0.839331;66.133414;8.664670;,
         1.154277;66.221946;8.536542;,
         1.001634;66.481005;8.455653;,
         0.836150;65.970400;8.563613;,
         0.422934;66.056275;8.803566;,
         0.416563;65.893152;8.701230;,
         0.000000;64.239558;7.315250;,
         1.172670;66.616698;8.954304;,
         1.390713;66.575514;8.677776;,
         1.520744;66.646304;8.749955;,
         1.357915;66.296960;8.495378;,
         1.550182;66.436230;8.509094;,
         0.833479;66.561197;9.169911;,
         0.000000;66.495827;9.413479;,
         1.213693;66.084013;8.427195;,
         1.637887;66.261248;8.361778;,
         1.777912;66.579827;8.589417;,
         1.520744;66.646304;8.749955;,
         1.483660;71.714227;9.316105;,
         0.000000;66.030829;8.900988;,
         0.000000;65.856832;8.798658;,
         11.445692;73.350752;2.871315;,
         12.155902;75.485472;0.864231;,
         12.141436;75.324493;2.556041;,
         12.875204;77.631686;2.348011;,
         11.449270;74.328928;4.878986;,
         11.896622;75.794387;4.739302;,
         11.049738;76.493344;6.404204;,
         11.352594;75.823386;5.877572;,
         11.719556;77.130029;6.012470;,
         4.529987;79.404454;9.643927;,
         0.000000;86.892006;10.690424;,
         3.794344;86.567808;10.483863;,
         10.687025;75.315251;6.216765;,
         10.901462;74.315264;5.816436;,
         5.345674;77.839514;8.807028;,
         9.699630;79.105318;7.905061;,
         10.988674;78.373158;6.922487;,
         10.954255;79.664314;7.425229;,
         6.383739;79.577171;9.168938;,
         6.924334;78.449107;8.662718;,
         8.092705;79.383123;8.621068;,
         9.076307;78.471802;8.059895;,
         6.135408;78.172186;8.749510;,
         3.890607;76.969088;8.698585;,
         4.168009;77.225395;8.756073;,
         3.725802;76.634880;8.603652;,
         9.628832;78.292922;7.770518;,
         10.125918;78.037856;7.449286;,
         10.512238;77.665254;7.098477;,
         8.003230;78.625978;8.472794;,
         10.960195;77.358432;6.717096;,
         1.777912;66.579827;8.589417;,
         1.192083;66.519142;8.400654;,
         1.213693;66.084013;8.427195;,
         12.169824;82.089658;6.673786;,
         11.172785;81.527392;7.655618;,
         8.541073;71.183616;6.636820;,
         10.115522;82.331514;8.510466;,
         9.872440;80.375558;8.283318;,
         0.000000;64.932320;4.209850;,
         0.446786;64.984621;4.145746;,
         0.716594;64.426317;7.070729;,
         0.337847;64.284243;7.255027;,
         0.000000;64.239558;7.315250;,
         2.742945;64.944646;5.868462;,
         1.372078;64.620634;6.727701;,
         1.926787;65.502170;3.383708;,
         5.632336;65.959699;3.515034;,
         4.409605;65.401510;4.715462;,
         4.431909;67.187949;1.071546;,
         7.354594;67.422803;1.812981;,
         6.503395;66.580819;2.641082;,
         2.702686;66.674995;0.927614;,
         3.280923;67.527354;-0.366898;,
         7.126746;70.021542;-1.062084;,
         5.572508;68.264762;-0.004607;,
         4.565934;68.792192;-1.342632;,
         8.074940;68.346368;1.206580;,
         -0.000000;67.710931;-2.259527;,
         1.934120;67.651117;-1.500562;,
         1.682202;67.140096;-1.375691;,
         -0.000000;67.295187;-2.140091;,
         3.243315;66.256518;2.247305;,
         9.352035;72.725587;-1.273526;,
         8.517882;70.074739;0.092022;,
         8.408162;68.959558;0.957009;,
         10.170731;76.273888;6.870627;,
         10.463033;75.220960;6.885120;,
         10.651994;76.313459;7.431491;,
         2.964138;75.538650;8.564430;,
         3.492520;75.618112;8.573498;,
         3.247281;75.779443;8.454463;,
         10.960195;77.358432;6.717096;,
         11.019144;76.707315;6.892138;,
         11.723284;77.177824;6.228314;,
         4.754478;76.364493;8.412971;,
         4.580295;76.866938;9.183406;,
         4.312581;76.567046;9.095253;,
         10.074213;75.284947;6.535580;,
         10.180266;74.388346;6.534908;,
         4.461749;75.983334;8.334341;,
         4.124790;76.227667;8.950234;,
         3.880137;75.798976;8.759479;,
         5.627226;77.409683;9.244694;,
         11.049738;76.493344;6.404204;,
         10.390763;76.930189;7.719195;,
         9.946148;76.695712;7.147213;,
         10.512238;77.665254;7.098477;,
         9.842530;77.381133;8.076765;,
         8.952884;77.760858;8.480734;,
         9.254333;78.027021;8.202990;,
         8.102004;77.906298;8.811730;,
         3.725802;76.634880;8.603652;,
         8.102004;77.906298;8.811730;,
         8.248298;78.331648;8.749053;,
         6.981662;77.809446;9.085954;,
         4.119411;76.802438;8.887318;,
         9.684681;73.537453;6.308724;,
         10.317643;74.371526;6.216419;,
         3.544284;75.500890;8.317500;,
         3.973588;75.613376;8.272470;,
         4.168009;77.225395;8.756073;,
         3.890607;76.969088;8.698585;,
         3.155682;76.481357;8.879030;,
         3.484181;76.520762;8.679595;,
         3.646937;76.613005;8.858248;,
         3.578346;76.761818;8.747231;,
         3.698069;75.985376;8.682946;,
         3.327288;76.006285;8.484154;,
         3.330492;75.904128;8.598553;,
         3.608880;76.256960;8.445295;,
         2.884050;75.826861;8.640031;,
         5.007512;81.205011;10.308855;,
         5.685013;81.491552;10.185902;,
         5.632850;82.034323;10.256867;,
         4.938527;81.780096;10.390421;,
         6.462463;82.232032;10.049094;,
         6.488640;81.735290;9.998715;,
         4.050665;77.714086;9.175018;,
         4.096533;77.624710;9.115586;,
         4.903486;77.976256;9.129410;,
         4.861832;78.117478;9.205577;,
         5.710295;78.472966;9.182808;,
         5.737867;78.276864;9.081256;,
         7.184962;78.761523;8.922083;,
         6.541448;78.680909;9.077504;,
         6.555043;78.524493;8.999285;,
         7.196634;78.654816;8.872966;,
         3.676461;80.393542;10.468906;,
         4.292922;80.801638;10.416429;,
         4.180216;81.258074;10.475921;,
         3.579806;80.689408;10.508087;,
         8.005818;82.264397;9.566944;,
         7.281286;82.324691;9.822449;,
         7.238514;81.904192;9.789021;,
